image: tamp_round_1_carto.pgm
resolution: 0.050000
origin: [-90.830627, -60.027795, 0.000000]
negate: 0
occupied_thresh: 0.65
free_thresh: 0.196

